channels:
  - conda-forge
  - defaults
dependencies:
  - annotated-types=0.6.0=py313haa95532_0
  - anyio=4.10.0=py313haa95532_0
  - bzip2=1.0.8=h2bbff1b_6
  - ca-certificates=2025.10.5=h4c7d964_0
  - certifi=2025.10.5=pyhd8ed1ab_0
  - click=8.2.1=py313haa95532_0
  - colorama=0.4.6=py313haa95532_0
  - dnspython=2.7.0=pyhff2d567_1
  - email-validator=2.3.0=pyhd8ed1ab_0
  - email_validator=2.3.0=hd8ed1ab_0
  - expat=2.7.1=h8ddb27b_0
  - fastapi=0.119.1=h30ea78e_0
  - fastapi-cli=0.0.13=pyhcf101f3_0
  - fastapi-core=0.119.1=pyhcf101f3_0
  - h11=0.16.0=py313haa95532_0
  - h2=4.3.0=pyhcf101f3_0
  - hpack=4.1.0=pyhd8ed1ab_0
  - httpcore=1.0.9=pyh29332c3_0
  - httptools=0.7.1=py313h5ea7bf4_0
  - httpx=0.28.1=pyhd8ed1ab_0
  - hyperframe=6.1.0=pyhd8ed1ab_0
  - idna=3.7=py313haa95532_0
  - iniconfig=2.1.0=py313haa95532_0
  - jinja2=3.1.6=pyhd8ed1ab_0
  - libffi=3.4.4=hd77b12b_1
  - libmpdec=4.0.0=h827c3e9_0
  - libzlib=1.3.1=h02ab6af_0
  - markdown-it-py=4.0.0=pyhd8ed1ab_0
  - markupsafe=3.0.3=py313hd650c13_0
  - mdurl=0.1.2=pyhd8ed1ab_1
  - openssl=3.5.4=h725018a_0
  - packaging=25.0=py313haa95532_1
  - pip=25.2=pyhc872135_1
  - pluggy=1.5.0=py313haa95532_0
  - pydantic=2.12.2=py313haa95532_0
  - pydantic-core=2.41.4=py313h114bc41_0
  - pygments=2.19.1=py313haa95532_0
  - pytest=8.4.2=py313haa95532_0
  - python=3.13.9=h260b955_100_cp313
  - python-dotenv=1.1.1=pyhe01879c_0
  - python-multipart=0.0.20=pyhff2d567_0
  - python_abi=3.13=1_cp313
  - pyyaml=6.0.3=py313hd650c13_0
  - rich=14.2.0=pyhcf101f3_0
  - rich-toolkit=0.15.1=pyhcf101f3_0
  - setuptools=80.9.0=py313haa95532_0
  - shellingham=1.5.4=pyhd8ed1ab_1
  - sniffio=1.3.0=py313haa95532_0
  - sqlite=3.50.2=hda9a48d_1
  - starlette=0.47.3=py313haa95532_0
  - tk=8.6.15=hf199647_0
  - typer=0.20.0=pyhdb1f59b_0
  - typer-slim=0.20.0=pyhcf101f3_0
  - typer-slim-standard=0.20.0=h65a100f_0
  - typing-extensions=4.15.0=py313haa95532_0
  - typing-inspection=0.4.2=py313haa95532_0
  - typing_extensions=4.15.0=py313haa95532_0
  - tzdata=2025b=h04d1e81_0
  - ucrt=10.0.22621.0=haa95532_0
  - uvicorn=0.35.0=py313haa95532_0
  - uvicorn-standard=0.35.0=py313haa95532_0
  - vc=14.3=h2df5915_10
  - vc14_runtime=14.44.35208=h4927774_10
  - vs2015_runtime=14.44.35208=ha6b5a95_10
  - watchfiles=1.1.1=py313hf61f64f_0
  - websockets=15.0.1=py313h5fd188c_2
  - wheel=0.45.1=py313haa95532_0
  - xz=5.6.4=h4754444_1
  - yaml=0.2.5=h6a83c73_3
  - zlib=1.3.1=h02ab6af_0

