name: D:\projects\courses\software_engineering\test-issue\.venv
channels:
  - defaults
dependencies:
  - annotated-types=0.6.0=py313haa95532_0
  - anyio=4.10.0=py313haa95532_0
  - bzip2=1.0.8=h2bbff1b_6
  - ca-certificates=2025.9.9=haa95532_0
  - expat=2.7.1=h8ddb27b_0
  - fastapi=0.116.1=py313haa95532_0
  - idna=3.7=py313haa95532_0
  - libffi=3.4.4=hd77b12b_1
  - libmpdec=4.0.0=h827c3e9_0
  - libzlib=1.3.1=h02ab6af_0
  - openssl=3.0.18=h543e019_0
  - pip=25.2=pyhc872135_1
  - pydantic=2.12.2=py313haa95532_0
  - pydantic-core=2.41.4=py313h114bc41_0
  - python=3.13.9=h260b955_100_cp313
  - python_abi=3.13=1_cp313
  - setuptools=80.9.0=py313haa95532_0
  - sniffio=1.3.0=py313haa95532_0
  - sqlite=3.50.2=hda9a48d_1
  - starlette=0.47.3=py313haa95532_0
  - tk=8.6.15=hf199647_0
  - typing-extensions=4.15.0=py313haa95532_0
  - typing-inspection=0.4.2=py313haa95532_0
  - typing_extensions=4.15.0=py313haa95532_0
  - tzdata=2025b=h04d1e81_0
  - ucrt=10.0.22621.0=haa95532_0
  - vc=14.3=h2df5915_10
  - vc14_runtime=14.44.35208=h4927774_10
  - vs2015_runtime=14.44.35208=ha6b5a95_10
  - wheel=0.45.1=py313haa95532_0
  - xz=5.6.4=h4754444_1
  - zlib=1.3.1=h02ab6af_0
prefix: D:\projects\courses\software_engineering\test-issue\.venv
